{
 "cells": [
  {
   "cell_type": "code",
   "execution_count": 104,
   "metadata": {},
   "outputs": [
    {
     "name": "stdout",
     "output_type": "stream",
     "text": [
      "  Ad unit 1         Ad unit 2  Ad unit 3     Date  Line item type Country  \\\n",
      "0  Lifewire  lw_buying-guides  billboard  5/20/18     Sponsorship  Canada   \n",
      "1  Lifewire  lw_buying-guides  billboard  5/20/18  Price priority  Canada   \n",
      "2  Lifewire  lw_buying-guides  billboard  5/20/18     Ad Exchange  Canada   \n",
      "3  Lifewire  lw_buying-guides  billboard  5/20/18               -  Canada   \n",
      "4  Lifewire        lw_reviews  billboard  5/20/18     Sponsorship  Canada   \n",
      "\n",
      "  Total impressions  Revenue Total Active View viewable impressions  \n",
      "0                32     0.91                                     24  \n",
      "1               777     3.00                                    520  \n",
      "2             1,334     7.67                                  1,196  \n",
      "3               253     1.43                                    194  \n",
      "4                 5     0.15                                      5  \n"
     ]
    }
   ],
   "source": [
    "import numpy as np\n",
    "import pandas as pd\n",
    "\n",
    "dotdash = pd.read_csv('/Users/Moose/desktop/programmaticAnalyst_takeHomeTest.csv', delimiter = ',')\n",
    "\n",
    "print(dotdash.head())"
   ]
  },
  {
   "cell_type": "code",
   "execution_count": 105,
   "metadata": {},
   "outputs": [],
   "source": [
    "dotdash['Total impressions'] = dotdash['Total impressions'].str.replace(',','')\n",
    "dotdash['Total Active View viewable impressions'] = dotdash['Total Active View viewable impressions'].str.replace(',','')\n",
    "dotdash['Total impressions'] = dotdash['Total impressions'].astype(float)\n",
    "dotdash['Total Active View viewable impressions'] = dotdash['Total Active View viewable impressions'].astype(float)\n",
    "\n",
    "\n"
   ]
  },
  {
   "cell_type": "code",
   "execution_count": 106,
   "metadata": {},
   "outputs": [
    {
     "data": {
      "text/plain": [
       "0      32.0\n",
       "1     777.0\n",
       "2    1334.0\n",
       "3     253.0\n",
       "4       5.0\n",
       "Name: Total impressions, dtype: float64"
      ]
     },
     "execution_count": 106,
     "metadata": {},
     "output_type": "execute_result"
    }
   ],
   "source": [
    "dotdash['Total impressions'].head(5)"
   ]
  },
  {
   "cell_type": "code",
   "execution_count": 107,
   "metadata": {},
   "outputs": [
    {
     "data": {
      "text/plain": [
       "Ad unit 1                                  object\n",
       "Ad unit 2                                  object\n",
       "Ad unit 3                                  object\n",
       "Date                                       object\n",
       "Line item type                             object\n",
       "Country                                    object\n",
       "Total impressions                         float64\n",
       "Revenue                                   float64\n",
       "Total Active View viewable impressions    float64\n",
       "dtype: object"
      ]
     },
     "execution_count": 107,
     "metadata": {},
     "output_type": "execute_result"
    }
   ],
   "source": [
    "dotdash.dtypes"
   ]
  },
  {
   "cell_type": "code",
   "execution_count": 108,
   "metadata": {},
   "outputs": [
    {
     "data": {
      "text/plain": [
       "array(['Sponsorship', 'Price priority', 'Ad Exchange', '-',\n",
       "       'Preferred deal', 'Standard', 'House'], dtype=object)"
      ]
     },
     "execution_count": 108,
     "metadata": {},
     "output_type": "execute_result"
    }
   ],
   "source": [
    "dotdash['Line item type'].unique()"
   ]
  },
  {
   "cell_type": "code",
   "execution_count": 109,
   "metadata": {},
   "outputs": [
    {
     "data": {
      "text/plain": [
       "array(['5/20/18', '5/21/18', '5/22/18', '5/23/18', '5/24/18', '5/25/18',\n",
       "       '5/26/18', '5/27/18', '5/28/18', '5/29/18', '5/30/18', '5/31/18',\n",
       "       '6/1/18', '6/2/18'], dtype=object)"
      ]
     },
     "execution_count": 109,
     "metadata": {},
     "output_type": "execute_result"
    }
   ],
   "source": [
    "dotdash['Date'].unique()"
   ]
  },
  {
   "cell_type": "code",
   "execution_count": 110,
   "metadata": {},
   "outputs": [
    {
     "data": {
      "text/plain": [
       "Price priority    96215\n",
       "Ad Exchange       92219\n",
       "-                 59598\n",
       "Sponsorship       35968\n",
       "Standard          20693\n",
       "Preferred deal     9863\n",
       "House              3344\n",
       "Name: Line item type, dtype: int64"
      ]
     },
     "execution_count": 110,
     "metadata": {},
     "output_type": "execute_result"
    }
   ],
   "source": [
    "dotdash['Line item type'].value_counts()"
   ]
  },
  {
   "cell_type": "code",
   "execution_count": 111,
   "metadata": {},
   "outputs": [
    {
     "data": {
      "text/plain": [
       "array(['billboard', 'billboard2', 'billboard3', 'billboard4',\n",
       "       'billboard5', 'billboard6', 'billboard7', 'leaderboard',\n",
       "       'leaderboard2', 'leaderboardac', 'leaderboardfooter',\n",
       "       'leaderboardfooter2', 'adhesive', 'billboard9', 'billboardfooter',\n",
       "       'billboardfooter2', 'dynamic-inline', 'native-recirc', 'video0',\n",
       "       'native', nan, 'video', 'billboardmobile'], dtype=object)"
      ]
     },
     "execution_count": 111,
     "metadata": {},
     "output_type": "execute_result"
    }
   ],
   "source": [
    "dotdash['Ad unit 3'].unique() "
   ]
  },
  {
   "cell_type": "code",
   "execution_count": 112,
   "metadata": {},
   "outputs": [
    {
     "data": {
      "text/plain": [
       "billboard             40037\n",
       "billboard2            33870\n",
       "billboard3            31998\n",
       "billboard4            26040\n",
       "billboard5            22393\n",
       "leaderboard           20839\n",
       "adhesive              17714\n",
       "leaderboardac         16532\n",
       "leaderboardfooter     16323\n",
       "billboardfooter       15529\n",
       "leaderboardfooter2    14162\n",
       "dynamic-inline        13625\n",
       "billboardfooter2      13624\n",
       "billboard6            12744\n",
       "billboard7            11499\n",
       "leaderboard2           8008\n",
       "native                  957\n",
       "video0                  746\n",
       "native-recirc           723\n",
       "billboardmobile         281\n",
       "billboard9              196\n",
       "video                    19\n",
       "Name: Ad unit 3, dtype: int64"
      ]
     },
     "execution_count": 112,
     "metadata": {},
     "output_type": "execute_result"
    }
   ],
   "source": [
    "dotdash['Ad unit 3'].value_counts() "
   ]
  },
  {
   "cell_type": "code",
   "execution_count": 113,
   "metadata": {},
   "outputs": [
    {
     "data": {
      "text/plain": [
       "array(['Canada', 'France', 'India', 'Spain', 'United Kingdom',\n",
       "       'United States'], dtype=object)"
      ]
     },
     "execution_count": 113,
     "metadata": {},
     "output_type": "execute_result"
    }
   ],
   "source": [
    "dotdash['Country'].unique()"
   ]
  },
  {
   "cell_type": "code",
   "execution_count": 114,
   "metadata": {},
   "outputs": [
    {
     "data": {
      "text/plain": [
       "United States     109393\n",
       "Canada             58239\n",
       "India              51515\n",
       "United Kingdom     45029\n",
       "France             27012\n",
       "Spain              26712\n",
       "Name: Country, dtype: int64"
      ]
     },
     "execution_count": 114,
     "metadata": {},
     "output_type": "execute_result"
    }
   ],
   "source": [
    "dotdash['Country'].value_counts()"
   ]
  },
  {
   "cell_type": "markdown",
   "metadata": {},
   "source": [
    "#### Data Observations \n",
    "**Country**\n",
    "- Majority of our business comes from the United States, almost 2 times that of our second biggest market Canada. \n",
    "\n",
    "**Ad Unit 3**\n",
    "- Our most used slots are billboard, billboard2, billboard3\n",
    "\n",
    "**Line Item Type**\n",
    "- Our impressions come mainly from price priority and ad exchange\n"
   ]
  },
  {
   "cell_type": "code",
   "execution_count": 115,
   "metadata": {},
   "outputs": [],
   "source": [
    "dotdash['cpm'] = np.where(dotdash['Total impressions'] > 0, 1000 * (dotdash['Revenue'] / dotdash['Total impressions']),\n",
    "                          0)"
   ]
  },
  {
   "cell_type": "code",
   "execution_count": 116,
   "metadata": {},
   "outputs": [],
   "source": [
    "dotdash['viewability'] = np.where(dotdash['Total impressions'] > 0, \n",
    "                                  dotdash['Total Active View viewable impressions'] / dotdash['Total impressions'], 0)\n"
   ]
  },
  {
   "cell_type": "code",
   "execution_count": 117,
   "metadata": {},
   "outputs": [
    {
     "data": {
      "text/plain": [
       "0    28.437500\n",
       "1     3.861004\n",
       "2     5.749625\n",
       "3     5.652174\n",
       "4    30.000000\n",
       "5     2.616822\n",
       "6     5.389610\n",
       "7     8.333333\n",
       "8    20.000000\n",
       "9     2.611940\n",
       "Name: cpm, dtype: float64"
      ]
     },
     "execution_count": 117,
     "metadata": {},
     "output_type": "execute_result"
    }
   ],
   "source": [
    "dotdash['cpm'].head(10)"
   ]
  },
  {
   "cell_type": "code",
   "execution_count": 118,
   "metadata": {},
   "outputs": [
    {
     "data": {
      "text/plain": [
       "0    0.750000\n",
       "1    0.669241\n",
       "2    0.896552\n",
       "3    0.766798\n",
       "4    1.000000\n",
       "5    0.532710\n",
       "6    0.922078\n",
       "7    0.900000\n",
       "8    0.000000\n",
       "9    0.574627\n",
       "Name: viewability, dtype: float64"
      ]
     },
     "execution_count": 118,
     "metadata": {},
     "output_type": "execute_result"
    }
   ],
   "source": [
    "dotdash['viewability'].head(10)"
   ]
  },
  {
   "cell_type": "code",
   "execution_count": 119,
   "metadata": {},
   "outputs": [
    {
     "name": "stdout",
     "output_type": "stream",
     "text": [
      "6.13085921861\n"
     ]
    }
   ],
   "source": [
    "avg_cpm = dotdash['cpm'].mean()\n",
    "print(avg_cpm)"
   ]
  },
  {
   "cell_type": "code",
   "execution_count": 120,
   "metadata": {},
   "outputs": [
    {
     "name": "stdout",
     "output_type": "stream",
     "text": [
      "0.53108157088\n"
     ]
    }
   ],
   "source": [
    "avg_view = dotdash['viewability'].mean()\n",
    "print(avg_view)"
   ]
  },
  {
   "cell_type": "code",
   "execution_count": 121,
   "metadata": {},
   "outputs": [
    {
     "data": {
      "text/html": [
       "<div>\n",
       "<style scoped>\n",
       "    .dataframe tbody tr th:only-of-type {\n",
       "        vertical-align: middle;\n",
       "    }\n",
       "\n",
       "    .dataframe tbody tr th {\n",
       "        vertical-align: top;\n",
       "    }\n",
       "\n",
       "    .dataframe thead th {\n",
       "        text-align: right;\n",
       "    }\n",
       "</style>\n",
       "<table border=\"1\" class=\"dataframe\">\n",
       "  <thead>\n",
       "    <tr style=\"text-align: right;\">\n",
       "      <th></th>\n",
       "      <th>Total impressions</th>\n",
       "      <th>Revenue</th>\n",
       "      <th>Total Active View viewable impressions</th>\n",
       "      <th>cpm</th>\n",
       "      <th>viewability</th>\n",
       "    </tr>\n",
       "    <tr>\n",
       "      <th>Date</th>\n",
       "      <th></th>\n",
       "      <th></th>\n",
       "      <th></th>\n",
       "      <th></th>\n",
       "      <th></th>\n",
       "    </tr>\n",
       "  </thead>\n",
       "  <tbody>\n",
       "    <tr>\n",
       "      <th>5/20/18</th>\n",
       "      <td>180.620675</td>\n",
       "      <td>1.261972</td>\n",
       "      <td>109.137551</td>\n",
       "      <td>6.379604</td>\n",
       "      <td>0.545036</td>\n",
       "    </tr>\n",
       "    <tr>\n",
       "      <th>5/28/18</th>\n",
       "      <td>207.641080</td>\n",
       "      <td>1.418284</td>\n",
       "      <td>125.971997</td>\n",
       "      <td>6.191556</td>\n",
       "      <td>0.540943</td>\n",
       "    </tr>\n",
       "    <tr>\n",
       "      <th>5/27/18</th>\n",
       "      <td>180.742639</td>\n",
       "      <td>1.325606</td>\n",
       "      <td>108.493477</td>\n",
       "      <td>6.545150</td>\n",
       "      <td>0.539001</td>\n",
       "    </tr>\n",
       "    <tr>\n",
       "      <th>5/29/18</th>\n",
       "      <td>237.385126</td>\n",
       "      <td>1.618836</td>\n",
       "      <td>144.732843</td>\n",
       "      <td>5.972206</td>\n",
       "      <td>0.537451</td>\n",
       "    </tr>\n",
       "    <tr>\n",
       "      <th>5/22/18</th>\n",
       "      <td>217.367505</td>\n",
       "      <td>1.480462</td>\n",
       "      <td>132.253854</td>\n",
       "      <td>6.034010</td>\n",
       "      <td>0.536857</td>\n",
       "    </tr>\n",
       "    <tr>\n",
       "      <th>5/21/18</th>\n",
       "      <td>218.089582</td>\n",
       "      <td>1.046113</td>\n",
       "      <td>137.547089</td>\n",
       "      <td>5.458931</td>\n",
       "      <td>0.535328</td>\n",
       "    </tr>\n",
       "    <tr>\n",
       "      <th>5/26/18</th>\n",
       "      <td>176.862521</td>\n",
       "      <td>1.275794</td>\n",
       "      <td>105.073221</td>\n",
       "      <td>6.415287</td>\n",
       "      <td>0.534277</td>\n",
       "    </tr>\n",
       "    <tr>\n",
       "      <th>6/2/18</th>\n",
       "      <td>190.398490</td>\n",
       "      <td>1.451010</td>\n",
       "      <td>114.136605</td>\n",
       "      <td>7.051869</td>\n",
       "      <td>0.531025</td>\n",
       "    </tr>\n",
       "    <tr>\n",
       "      <th>5/25/18</th>\n",
       "      <td>201.910837</td>\n",
       "      <td>1.441808</td>\n",
       "      <td>119.605804</td>\n",
       "      <td>6.066460</td>\n",
       "      <td>0.529621</td>\n",
       "    </tr>\n",
       "    <tr>\n",
       "      <th>5/31/18</th>\n",
       "      <td>231.824879</td>\n",
       "      <td>1.548412</td>\n",
       "      <td>138.477874</td>\n",
       "      <td>6.309670</td>\n",
       "      <td>0.528936</td>\n",
       "    </tr>\n",
       "    <tr>\n",
       "      <th>5/24/18</th>\n",
       "      <td>201.088900</td>\n",
       "      <td>1.364270</td>\n",
       "      <td>119.860071</td>\n",
       "      <td>5.911250</td>\n",
       "      <td>0.526741</td>\n",
       "    </tr>\n",
       "    <tr>\n",
       "      <th>6/1/18</th>\n",
       "      <td>226.128290</td>\n",
       "      <td>1.692803</td>\n",
       "      <td>136.111760</td>\n",
       "      <td>6.695348</td>\n",
       "      <td>0.522283</td>\n",
       "    </tr>\n",
       "    <tr>\n",
       "      <th>5/30/18</th>\n",
       "      <td>240.034691</td>\n",
       "      <td>1.394351</td>\n",
       "      <td>133.027051</td>\n",
       "      <td>5.503750</td>\n",
       "      <td>0.514612</td>\n",
       "    </tr>\n",
       "    <tr>\n",
       "      <th>5/23/18</th>\n",
       "      <td>207.554918</td>\n",
       "      <td>1.331950</td>\n",
       "      <td>118.745244</td>\n",
       "      <td>5.618666</td>\n",
       "      <td>0.513243</td>\n",
       "    </tr>\n",
       "  </tbody>\n",
       "</table>\n",
       "</div>"
      ],
      "text/plain": [
       "         Total impressions   Revenue  Total Active View viewable impressions  \\\n",
       "Date                                                                           \n",
       "5/20/18         180.620675  1.261972                              109.137551   \n",
       "5/28/18         207.641080  1.418284                              125.971997   \n",
       "5/27/18         180.742639  1.325606                              108.493477   \n",
       "5/29/18         237.385126  1.618836                              144.732843   \n",
       "5/22/18         217.367505  1.480462                              132.253854   \n",
       "5/21/18         218.089582  1.046113                              137.547089   \n",
       "5/26/18         176.862521  1.275794                              105.073221   \n",
       "6/2/18          190.398490  1.451010                              114.136605   \n",
       "5/25/18         201.910837  1.441808                              119.605804   \n",
       "5/31/18         231.824879  1.548412                              138.477874   \n",
       "5/24/18         201.088900  1.364270                              119.860071   \n",
       "6/1/18          226.128290  1.692803                              136.111760   \n",
       "5/30/18         240.034691  1.394351                              133.027051   \n",
       "5/23/18         207.554918  1.331950                              118.745244   \n",
       "\n",
       "              cpm  viewability  \n",
       "Date                            \n",
       "5/20/18  6.379604     0.545036  \n",
       "5/28/18  6.191556     0.540943  \n",
       "5/27/18  6.545150     0.539001  \n",
       "5/29/18  5.972206     0.537451  \n",
       "5/22/18  6.034010     0.536857  \n",
       "5/21/18  5.458931     0.535328  \n",
       "5/26/18  6.415287     0.534277  \n",
       "6/2/18   7.051869     0.531025  \n",
       "5/25/18  6.066460     0.529621  \n",
       "5/31/18  6.309670     0.528936  \n",
       "5/24/18  5.911250     0.526741  \n",
       "6/1/18   6.695348     0.522283  \n",
       "5/30/18  5.503750     0.514612  \n",
       "5/23/18  5.618666     0.513243  "
      ]
     },
     "execution_count": 121,
     "metadata": {},
     "output_type": "execute_result"
    }
   ],
   "source": [
    "dotdash.groupby(dotdash['Date']).mean().sort_values(by = 'viewability', ascending = False)"
   ]
  },
  {
   "cell_type": "code",
   "execution_count": 122,
   "metadata": {},
   "outputs": [
    {
     "data": {
      "text/html": [
       "<div>\n",
       "<style scoped>\n",
       "    .dataframe tbody tr th:only-of-type {\n",
       "        vertical-align: middle;\n",
       "    }\n",
       "\n",
       "    .dataframe tbody tr th {\n",
       "        vertical-align: top;\n",
       "    }\n",
       "\n",
       "    .dataframe thead th {\n",
       "        text-align: right;\n",
       "    }\n",
       "</style>\n",
       "<table border=\"1\" class=\"dataframe\">\n",
       "  <thead>\n",
       "    <tr style=\"text-align: right;\">\n",
       "      <th></th>\n",
       "      <th>Total impressions</th>\n",
       "      <th>Revenue</th>\n",
       "      <th>Total Active View viewable impressions</th>\n",
       "      <th>cpm</th>\n",
       "      <th>viewability</th>\n",
       "    </tr>\n",
       "    <tr>\n",
       "      <th>Date</th>\n",
       "      <th></th>\n",
       "      <th></th>\n",
       "      <th></th>\n",
       "      <th></th>\n",
       "      <th></th>\n",
       "    </tr>\n",
       "  </thead>\n",
       "  <tbody>\n",
       "    <tr>\n",
       "      <th>6/2/18</th>\n",
       "      <td>190.398490</td>\n",
       "      <td>1.451010</td>\n",
       "      <td>114.136605</td>\n",
       "      <td>7.051869</td>\n",
       "      <td>0.531025</td>\n",
       "    </tr>\n",
       "    <tr>\n",
       "      <th>6/1/18</th>\n",
       "      <td>226.128290</td>\n",
       "      <td>1.692803</td>\n",
       "      <td>136.111760</td>\n",
       "      <td>6.695348</td>\n",
       "      <td>0.522283</td>\n",
       "    </tr>\n",
       "    <tr>\n",
       "      <th>5/27/18</th>\n",
       "      <td>180.742639</td>\n",
       "      <td>1.325606</td>\n",
       "      <td>108.493477</td>\n",
       "      <td>6.545150</td>\n",
       "      <td>0.539001</td>\n",
       "    </tr>\n",
       "    <tr>\n",
       "      <th>5/26/18</th>\n",
       "      <td>176.862521</td>\n",
       "      <td>1.275794</td>\n",
       "      <td>105.073221</td>\n",
       "      <td>6.415287</td>\n",
       "      <td>0.534277</td>\n",
       "    </tr>\n",
       "    <tr>\n",
       "      <th>5/20/18</th>\n",
       "      <td>180.620675</td>\n",
       "      <td>1.261972</td>\n",
       "      <td>109.137551</td>\n",
       "      <td>6.379604</td>\n",
       "      <td>0.545036</td>\n",
       "    </tr>\n",
       "    <tr>\n",
       "      <th>5/31/18</th>\n",
       "      <td>231.824879</td>\n",
       "      <td>1.548412</td>\n",
       "      <td>138.477874</td>\n",
       "      <td>6.309670</td>\n",
       "      <td>0.528936</td>\n",
       "    </tr>\n",
       "    <tr>\n",
       "      <th>5/28/18</th>\n",
       "      <td>207.641080</td>\n",
       "      <td>1.418284</td>\n",
       "      <td>125.971997</td>\n",
       "      <td>6.191556</td>\n",
       "      <td>0.540943</td>\n",
       "    </tr>\n",
       "    <tr>\n",
       "      <th>5/25/18</th>\n",
       "      <td>201.910837</td>\n",
       "      <td>1.441808</td>\n",
       "      <td>119.605804</td>\n",
       "      <td>6.066460</td>\n",
       "      <td>0.529621</td>\n",
       "    </tr>\n",
       "    <tr>\n",
       "      <th>5/22/18</th>\n",
       "      <td>217.367505</td>\n",
       "      <td>1.480462</td>\n",
       "      <td>132.253854</td>\n",
       "      <td>6.034010</td>\n",
       "      <td>0.536857</td>\n",
       "    </tr>\n",
       "    <tr>\n",
       "      <th>5/29/18</th>\n",
       "      <td>237.385126</td>\n",
       "      <td>1.618836</td>\n",
       "      <td>144.732843</td>\n",
       "      <td>5.972206</td>\n",
       "      <td>0.537451</td>\n",
       "    </tr>\n",
       "    <tr>\n",
       "      <th>5/24/18</th>\n",
       "      <td>201.088900</td>\n",
       "      <td>1.364270</td>\n",
       "      <td>119.860071</td>\n",
       "      <td>5.911250</td>\n",
       "      <td>0.526741</td>\n",
       "    </tr>\n",
       "    <tr>\n",
       "      <th>5/23/18</th>\n",
       "      <td>207.554918</td>\n",
       "      <td>1.331950</td>\n",
       "      <td>118.745244</td>\n",
       "      <td>5.618666</td>\n",
       "      <td>0.513243</td>\n",
       "    </tr>\n",
       "    <tr>\n",
       "      <th>5/30/18</th>\n",
       "      <td>240.034691</td>\n",
       "      <td>1.394351</td>\n",
       "      <td>133.027051</td>\n",
       "      <td>5.503750</td>\n",
       "      <td>0.514612</td>\n",
       "    </tr>\n",
       "    <tr>\n",
       "      <th>5/21/18</th>\n",
       "      <td>218.089582</td>\n",
       "      <td>1.046113</td>\n",
       "      <td>137.547089</td>\n",
       "      <td>5.458931</td>\n",
       "      <td>0.535328</td>\n",
       "    </tr>\n",
       "  </tbody>\n",
       "</table>\n",
       "</div>"
      ],
      "text/plain": [
       "         Total impressions   Revenue  Total Active View viewable impressions  \\\n",
       "Date                                                                           \n",
       "6/2/18          190.398490  1.451010                              114.136605   \n",
       "6/1/18          226.128290  1.692803                              136.111760   \n",
       "5/27/18         180.742639  1.325606                              108.493477   \n",
       "5/26/18         176.862521  1.275794                              105.073221   \n",
       "5/20/18         180.620675  1.261972                              109.137551   \n",
       "5/31/18         231.824879  1.548412                              138.477874   \n",
       "5/28/18         207.641080  1.418284                              125.971997   \n",
       "5/25/18         201.910837  1.441808                              119.605804   \n",
       "5/22/18         217.367505  1.480462                              132.253854   \n",
       "5/29/18         237.385126  1.618836                              144.732843   \n",
       "5/24/18         201.088900  1.364270                              119.860071   \n",
       "5/23/18         207.554918  1.331950                              118.745244   \n",
       "5/30/18         240.034691  1.394351                              133.027051   \n",
       "5/21/18         218.089582  1.046113                              137.547089   \n",
       "\n",
       "              cpm  viewability  \n",
       "Date                            \n",
       "6/2/18   7.051869     0.531025  \n",
       "6/1/18   6.695348     0.522283  \n",
       "5/27/18  6.545150     0.539001  \n",
       "5/26/18  6.415287     0.534277  \n",
       "5/20/18  6.379604     0.545036  \n",
       "5/31/18  6.309670     0.528936  \n",
       "5/28/18  6.191556     0.540943  \n",
       "5/25/18  6.066460     0.529621  \n",
       "5/22/18  6.034010     0.536857  \n",
       "5/29/18  5.972206     0.537451  \n",
       "5/24/18  5.911250     0.526741  \n",
       "5/23/18  5.618666     0.513243  \n",
       "5/30/18  5.503750     0.514612  \n",
       "5/21/18  5.458931     0.535328  "
      ]
     },
     "execution_count": 122,
     "metadata": {},
     "output_type": "execute_result"
    }
   ],
   "source": [
    "dotdash.groupby(dotdash['Date']).mean().sort_values(by = 'cpm', ascending = False)"
   ]
  },
  {
   "cell_type": "markdown",
   "metadata": {},
   "source": [
    "#### Observations \n",
    "- After viewing the average CPM and Viewability for the dates (5/20/2018 - 6/2/2018), we see the the average **CPM has increased by .75** whereas the average **viewability has slightly dipped from its start at .55 to .53**"
   ]
  },
  {
   "cell_type": "code",
   "execution_count": 123,
   "metadata": {},
   "outputs": [
    {
     "data": {
      "text/html": [
       "<div>\n",
       "<style scoped>\n",
       "    .dataframe tbody tr th:only-of-type {\n",
       "        vertical-align: middle;\n",
       "    }\n",
       "\n",
       "    .dataframe tbody tr th {\n",
       "        vertical-align: top;\n",
       "    }\n",
       "\n",
       "    .dataframe thead th {\n",
       "        text-align: right;\n",
       "    }\n",
       "</style>\n",
       "<table border=\"1\" class=\"dataframe\">\n",
       "  <thead>\n",
       "    <tr style=\"text-align: right;\">\n",
       "      <th></th>\n",
       "      <th>Total impressions</th>\n",
       "      <th>Revenue</th>\n",
       "      <th>Total Active View viewable impressions</th>\n",
       "      <th>cpm</th>\n",
       "      <th>viewability</th>\n",
       "    </tr>\n",
       "    <tr>\n",
       "      <th>Line item type</th>\n",
       "      <th></th>\n",
       "      <th></th>\n",
       "      <th></th>\n",
       "      <th></th>\n",
       "      <th></th>\n",
       "    </tr>\n",
       "  </thead>\n",
       "  <tbody>\n",
       "    <tr>\n",
       "      <th>Sponsorship</th>\n",
       "      <td>129.558552</td>\n",
       "      <td>0.715163</td>\n",
       "      <td>74.855010</td>\n",
       "      <td>22.043976</td>\n",
       "      <td>0.596631</td>\n",
       "    </tr>\n",
       "    <tr>\n",
       "      <th>Preferred deal</th>\n",
       "      <td>121.752712</td>\n",
       "      <td>1.651428</td>\n",
       "      <td>76.393491</td>\n",
       "      <td>12.693633</td>\n",
       "      <td>0.597244</td>\n",
       "    </tr>\n",
       "    <tr>\n",
       "      <th>Standard</th>\n",
       "      <td>647.991301</td>\n",
       "      <td>7.929957</td>\n",
       "      <td>403.579713</td>\n",
       "      <td>11.836922</td>\n",
       "      <td>0.534172</td>\n",
       "    </tr>\n",
       "    <tr>\n",
       "      <th>-</th>\n",
       "      <td>85.686080</td>\n",
       "      <td>0.518543</td>\n",
       "      <td>48.976509</td>\n",
       "      <td>5.061675</td>\n",
       "      <td>0.525264</td>\n",
       "    </tr>\n",
       "    <tr>\n",
       "      <th>Ad Exchange</th>\n",
       "      <td>236.023141</td>\n",
       "      <td>1.591317</td>\n",
       "      <td>160.718778</td>\n",
       "      <td>3.022504</td>\n",
       "      <td>0.619111</td>\n",
       "    </tr>\n",
       "    <tr>\n",
       "      <th>Price priority</th>\n",
       "      <td>208.601102</td>\n",
       "      <td>0.628562</td>\n",
       "      <td>104.404646</td>\n",
       "      <td>2.136732</td>\n",
       "      <td>0.424496</td>\n",
       "    </tr>\n",
       "    <tr>\n",
       "      <th>House</th>\n",
       "      <td>16.156100</td>\n",
       "      <td>0.000000</td>\n",
       "      <td>4.109151</td>\n",
       "      <td>0.000000</td>\n",
       "      <td>0.354559</td>\n",
       "    </tr>\n",
       "  </tbody>\n",
       "</table>\n",
       "</div>"
      ],
      "text/plain": [
       "                Total impressions   Revenue  \\\n",
       "Line item type                                \n",
       "Sponsorship            129.558552  0.715163   \n",
       "Preferred deal         121.752712  1.651428   \n",
       "Standard               647.991301  7.929957   \n",
       "-                       85.686080  0.518543   \n",
       "Ad Exchange            236.023141  1.591317   \n",
       "Price priority         208.601102  0.628562   \n",
       "House                   16.156100  0.000000   \n",
       "\n",
       "                Total Active View viewable impressions        cpm  viewability  \n",
       "Line item type                                                                  \n",
       "Sponsorship                                  74.855010  22.043976     0.596631  \n",
       "Preferred deal                               76.393491  12.693633     0.597244  \n",
       "Standard                                    403.579713  11.836922     0.534172  \n",
       "-                                            48.976509   5.061675     0.525264  \n",
       "Ad Exchange                                 160.718778   3.022504     0.619111  \n",
       "Price priority                              104.404646   2.136732     0.424496  \n",
       "House                                         4.109151   0.000000     0.354559  "
      ]
     },
     "execution_count": 123,
     "metadata": {},
     "output_type": "execute_result"
    }
   ],
   "source": [
    "dotdash.groupby(dotdash['Line item type']).mean().sort_values(by = 'cpm', ascending = False)"
   ]
  },
  {
   "cell_type": "code",
   "execution_count": 124,
   "metadata": {},
   "outputs": [
    {
     "data": {
      "text/html": [
       "<div>\n",
       "<style scoped>\n",
       "    .dataframe tbody tr th:only-of-type {\n",
       "        vertical-align: middle;\n",
       "    }\n",
       "\n",
       "    .dataframe tbody tr th {\n",
       "        vertical-align: top;\n",
       "    }\n",
       "\n",
       "    .dataframe thead th {\n",
       "        text-align: right;\n",
       "    }\n",
       "</style>\n",
       "<table border=\"1\" class=\"dataframe\">\n",
       "  <thead>\n",
       "    <tr style=\"text-align: right;\">\n",
       "      <th></th>\n",
       "      <th>Total impressions</th>\n",
       "      <th>Revenue</th>\n",
       "      <th>Total Active View viewable impressions</th>\n",
       "      <th>cpm</th>\n",
       "      <th>viewability</th>\n",
       "    </tr>\n",
       "    <tr>\n",
       "      <th>Line item type</th>\n",
       "      <th></th>\n",
       "      <th></th>\n",
       "      <th></th>\n",
       "      <th></th>\n",
       "      <th></th>\n",
       "    </tr>\n",
       "  </thead>\n",
       "  <tbody>\n",
       "    <tr>\n",
       "      <th>Sponsorship</th>\n",
       "      <td>4659962.0</td>\n",
       "      <td>25722.98</td>\n",
       "      <td>2692385.0</td>\n",
       "      <td>792877.718997</td>\n",
       "      <td>21459.627265</td>\n",
       "    </tr>\n",
       "    <tr>\n",
       "      <th>-</th>\n",
       "      <td>5106719.0</td>\n",
       "      <td>30904.12</td>\n",
       "      <td>2918902.0</td>\n",
       "      <td>301665.686710</td>\n",
       "      <td>31304.664931</td>\n",
       "    </tr>\n",
       "    <tr>\n",
       "      <th>Ad Exchange</th>\n",
       "      <td>21765818.0</td>\n",
       "      <td>146749.70</td>\n",
       "      <td>14821325.0</td>\n",
       "      <td>278732.320474</td>\n",
       "      <td>57093.801332</td>\n",
       "    </tr>\n",
       "    <tr>\n",
       "      <th>Standard</th>\n",
       "      <td>13408884.0</td>\n",
       "      <td>164094.61</td>\n",
       "      <td>8351275.0</td>\n",
       "      <td>244941.433850</td>\n",
       "      <td>11053.623344</td>\n",
       "    </tr>\n",
       "    <tr>\n",
       "      <th>Price priority</th>\n",
       "      <td>20070555.0</td>\n",
       "      <td>60477.08</td>\n",
       "      <td>10045293.0</td>\n",
       "      <td>205585.680067</td>\n",
       "      <td>40842.848907</td>\n",
       "    </tr>\n",
       "    <tr>\n",
       "      <th>Preferred deal</th>\n",
       "      <td>1200847.0</td>\n",
       "      <td>16288.03</td>\n",
       "      <td>753469.0</td>\n",
       "      <td>125197.305499</td>\n",
       "      <td>5890.620716</td>\n",
       "    </tr>\n",
       "    <tr>\n",
       "      <th>House</th>\n",
       "      <td>54026.0</td>\n",
       "      <td>0.00</td>\n",
       "      <td>13741.0</td>\n",
       "      <td>0.000000</td>\n",
       "      <td>1185.644888</td>\n",
       "    </tr>\n",
       "  </tbody>\n",
       "</table>\n",
       "</div>"
      ],
      "text/plain": [
       "                Total impressions    Revenue  \\\n",
       "Line item type                                 \n",
       "Sponsorship             4659962.0   25722.98   \n",
       "-                       5106719.0   30904.12   \n",
       "Ad Exchange            21765818.0  146749.70   \n",
       "Standard               13408884.0  164094.61   \n",
       "Price priority         20070555.0   60477.08   \n",
       "Preferred deal          1200847.0   16288.03   \n",
       "House                     54026.0       0.00   \n",
       "\n",
       "                Total Active View viewable impressions            cpm  \\\n",
       "Line item type                                                          \n",
       "Sponsorship                                  2692385.0  792877.718997   \n",
       "-                                            2918902.0  301665.686710   \n",
       "Ad Exchange                                 14821325.0  278732.320474   \n",
       "Standard                                     8351275.0  244941.433850   \n",
       "Price priority                              10045293.0  205585.680067   \n",
       "Preferred deal                                753469.0  125197.305499   \n",
       "House                                          13741.0       0.000000   \n",
       "\n",
       "                 viewability  \n",
       "Line item type                \n",
       "Sponsorship     21459.627265  \n",
       "-               31304.664931  \n",
       "Ad Exchange     57093.801332  \n",
       "Standard        11053.623344  \n",
       "Price priority  40842.848907  \n",
       "Preferred deal   5890.620716  \n",
       "House            1185.644888  "
      ]
     },
     "execution_count": 124,
     "metadata": {},
     "output_type": "execute_result"
    }
   ],
   "source": [
    "dotdash.groupby(dotdash['Line item type']).sum().sort_values(by = 'cpm', ascending = False)"
   ]
  },
  {
   "cell_type": "markdown",
   "metadata": {},
   "source": [
    "#### Observation \n",
    " **Line Item Type**\n",
    " - Sponsorship has the highest average cpm and also has the largest sum in terms of cpm\n",
    " - Ad Exchange has the highest average viewability \n",
    " - On average standard has the highest revenue but in total Ad Exchange is the highest. "
   ]
  },
  {
   "cell_type": "code",
   "execution_count": 125,
   "metadata": {},
   "outputs": [
    {
     "data": {
      "text/html": [
       "<div>\n",
       "<style scoped>\n",
       "    .dataframe tbody tr th:only-of-type {\n",
       "        vertical-align: middle;\n",
       "    }\n",
       "\n",
       "    .dataframe tbody tr th {\n",
       "        vertical-align: top;\n",
       "    }\n",
       "\n",
       "    .dataframe thead th {\n",
       "        text-align: right;\n",
       "    }\n",
       "</style>\n",
       "<table border=\"1\" class=\"dataframe\">\n",
       "  <thead>\n",
       "    <tr style=\"text-align: right;\">\n",
       "      <th></th>\n",
       "      <th>Ad unit 1</th>\n",
       "      <th>Ad unit 2</th>\n",
       "      <th>Ad unit 3</th>\n",
       "      <th>Date</th>\n",
       "      <th>Line item type</th>\n",
       "      <th>Country</th>\n",
       "      <th>Total impressions</th>\n",
       "      <th>Revenue</th>\n",
       "      <th>Total Active View viewable impressions</th>\n",
       "      <th>cpm</th>\n",
       "      <th>viewability</th>\n",
       "    </tr>\n",
       "  </thead>\n",
       "  <tbody>\n",
       "    <tr>\n",
       "      <th>208507</th>\n",
       "      <td>Lifewire</td>\n",
       "      <td>lw_buying-guides</td>\n",
       "      <td>billboard</td>\n",
       "      <td>5/20/18</td>\n",
       "      <td>Sponsorship</td>\n",
       "      <td>United States</td>\n",
       "      <td>1253.0</td>\n",
       "      <td>32.18</td>\n",
       "      <td>1018.0</td>\n",
       "      <td>25.682362</td>\n",
       "      <td>0.812450</td>\n",
       "    </tr>\n",
       "    <tr>\n",
       "      <th>208508</th>\n",
       "      <td>Lifewire</td>\n",
       "      <td>lw_buying-guides</td>\n",
       "      <td>billboard</td>\n",
       "      <td>5/20/18</td>\n",
       "      <td>Preferred deal</td>\n",
       "      <td>United States</td>\n",
       "      <td>595.0</td>\n",
       "      <td>5.93</td>\n",
       "      <td>371.0</td>\n",
       "      <td>9.966387</td>\n",
       "      <td>0.623529</td>\n",
       "    </tr>\n",
       "    <tr>\n",
       "      <th>208509</th>\n",
       "      <td>Lifewire</td>\n",
       "      <td>lw_buying-guides</td>\n",
       "      <td>billboard</td>\n",
       "      <td>5/20/18</td>\n",
       "      <td>Standard</td>\n",
       "      <td>United States</td>\n",
       "      <td>10187.0</td>\n",
       "      <td>159.18</td>\n",
       "      <td>7928.0</td>\n",
       "      <td>15.625798</td>\n",
       "      <td>0.778247</td>\n",
       "    </tr>\n",
       "    <tr>\n",
       "      <th>208510</th>\n",
       "      <td>Lifewire</td>\n",
       "      <td>lw_buying-guides</td>\n",
       "      <td>billboard</td>\n",
       "      <td>5/20/18</td>\n",
       "      <td>Price priority</td>\n",
       "      <td>United States</td>\n",
       "      <td>4668.0</td>\n",
       "      <td>29.91</td>\n",
       "      <td>3088.0</td>\n",
       "      <td>6.407455</td>\n",
       "      <td>0.661525</td>\n",
       "    </tr>\n",
       "    <tr>\n",
       "      <th>208511</th>\n",
       "      <td>Lifewire</td>\n",
       "      <td>lw_buying-guides</td>\n",
       "      <td>billboard</td>\n",
       "      <td>5/20/18</td>\n",
       "      <td>Ad Exchange</td>\n",
       "      <td>United States</td>\n",
       "      <td>9526.0</td>\n",
       "      <td>99.99</td>\n",
       "      <td>8244.0</td>\n",
       "      <td>10.496536</td>\n",
       "      <td>0.865421</td>\n",
       "    </tr>\n",
       "  </tbody>\n",
       "</table>\n",
       "</div>"
      ],
      "text/plain": [
